0.3359031677246094
0.01520681381225586
0.0033860206604003906
0.003406524658203125
0.004959583282470703
0.003284454345703125
0.003153085708618164
0.0037086009979248047
0.0032722949981689453
0.0035903453826904297
0.008625030517578125
0.003435373306274414
0.002831697463989258
0.003241300582885742
0.0033762454986572266
0.003275632858276367
0.003385782241821289
0.00471043586730957
0.003324270248413086
0.003340482711791992
0.0035185813903808594
0.0038161277770996094
0.0033922195434570312
0.0037713050842285156
0.0033779144287109375
0.003940105438232422
0.005047798156738281
0.0040662288665771484
0.004778146743774414
0.003954648971557617
0.0031082630157470703
0.0033457279205322266
0.004517555236816406
0.003419160842895508
0.0034003257751464844
0.003324747085571289
0.003346681594848633
0.0034911632537841797
0.004216194152832031
0.014868974685668945
0.004496097564697266
0.0030202865600585938
0.0036864280700683594
0.0036802291870117188
0.0033516883850097656
0.003823518753051758
0.0026619434356689453
0.003490447998046875
0.0044748783111572266
0.003731250762939453
