0.5300741195678711
0.02037978172302246
0.03322911262512207
0.044576406478881836
0.04420137405395508
0.033203125
0.028235912322998047
0.03060293197631836
0.02084064483642578
0.05164194107055664
0.03094339370727539
0.033931732177734375
0.025928735733032227
0.019365787506103516
0.030147552490234375
0.03605079650878906
0.051900625228881836
0.031070470809936523
0.029645681381225586
0.019801616668701172
0.07109427452087402
0.04320025444030762
0.01975393295288086
0.0604243278503418
0.03889632225036621
0.09993243217468262
0.04938316345214844
0.04569673538208008
0.0405428409576416
0.02013540267944336
0.032923221588134766
0.05902600288391113
0.019481897354125977
0.029475688934326172
0.03601646423339844
0.022797822952270508
0.03838086128234863
0.020244121551513672
0.029253482818603516
0.024774789810180664
0.029111862182617188
0.022891759872436523
0.03751778602600098
0.03808307647705078
0.039795637130737305
0.038839101791381836
0.028198957443237305
0.02071976661682129
0.048642873764038086
0.031705617904663086
