0.11209487915039062
0.07873296737670898
0.04668068885803223
0.03233790397644043
0.08985376358032227
0.07051253318786621
0.03190326690673828
0.04162740707397461
0.05383777618408203
0.054302215576171875
0.013967514038085938
0.040702104568481445
0.024141550064086914
0.05810809135437012
0.026947021484375
0.043471574783325195
0.056832075119018555
0.0281221866607666
0.005575418472290039
0.04741549491882324
0.06734943389892578
0.06729364395141602
0.03902912139892578
0.02976369857788086
0.04411768913269043
0.05495452880859375
0.03203105926513672
0.08924579620361328
0.054834842681884766
0.06719517707824707
0.06794190406799316
0.040467023849487305
0.024675846099853516
0.03581738471984863
0.04590034484863281
0.01427602767944336
0.019316434860229492
0.008043289184570312
0.010270357131958008
0.007128238677978516
0.0069086551666259766
0.05215167999267578
0.022309303283691406
0.03680586814880371
0.040703773498535156
0.012464523315429688
0.015789270401000977
0.02637028694152832
0.003591775894165039
0.013298988342285156
